[0,323,196,1782,2009,379,1289,1363,333,244],
[323,0,519,2090,1691,473,1278,1334,205,247],
[196,519,0,1586,2204,574,1485,1559,528,440],
[1782,2090,1586,0,3779,1628,3069,3071,2103,1855],
[2009,1691,2204,3779,0,2165,2233,2244,1808,1931],
[379,473,574,1626,2165,0,1446,1520,486,239],
[1289,1278,1485,3069,2233,1446,0,74,1067,1213],
[1363,1334,1559,3143,2242,1520,74,0,1141,1287],
[333,205,528,2103,1808,486,1067,1141,0,257],
[244,247,440,1855,1931,239,1213,1287,257,0],